1.000000000000000000e+00 1.887253832681558663e+01
2.000000000000000000e+00 1.587203900043245142e+01
3.000000000000000000e+00 1.607004083075056400e+01
4.000000000000000000e+00 1.316912532596526830e+01
5.000000000000000000e+00 1.733931932199053705e+01
6.000000000000000000e+00 2.135577463297656209e+01
7.000000000000000000e+00 7.680170931891673547e+00
8.000000000000000000e+00 1.229793044082258824e+01
9.000000000000000000e+00 1.896777349650523448e+01
1.000000000000000000e+01 1.914747621370118225e+01
1.100000000000000000e+01 1.219489242146534735e+01
1.200000000000000000e+01 1.522809702646770091e+01
1.300000000000000000e+01 9.880663672548367416e+00
1.400000000000000000e+01 1.668316162585219331e+01
1.500000000000000000e+01 1.515865466683830043e+01
1.600000000000000000e+01 4.521246254079192894e+00
1.700000000000000000e+01 1.700436897912970124e+01
1.800000000000000000e+01 1.210017152393080409e+01
1.900000000000000000e+01 1.792562880645940737e+01
2.000000000000000000e+01 2.008386524191326217e+01
2.100000000000000000e+01 1.464434988518693714e+01
2.200000000000000000e+01 1.552393037194905645e+01
2.300000000000000000e+01 2.691413109757345978e+01
2.400000000000000000e+01 1.747974420900976256e+01
2.500000000000000000e+01 1.902389085863680762e+01
2.600000000000000000e+01 2.450354597755985253e+01
2.700000000000000000e+01 1.753422040962179551e+01
2.800000000000000000e+01 2.000345495224997450e+01
2.900000000000000000e+01 1.336410469747060148e+01
3.000000000000000000e+01 1.922466781114973955e+01
3.100000000000000000e+01 1.714941094841795888e+01
3.200000000000000000e+01 2.244693433691183415e+01
3.300000000000000000e+01 1.647956964859354301e+01
3.400000000000000000e+01 1.826038461491156539e+01
3.500000000000000000e+01 1.225202882221933010e+01
3.600000000000000000e+01 1.356821092431351161e+01
3.700000000000000000e+01 1.697432845391232092e+01
3.800000000000000000e+01 7.846188721064671689e+00
3.900000000000000000e+01 1.676207332555385676e+01
4.000000000000000000e+01 2.298363146539945134e+01
4.100000000000000000e+01 1.582558719149915660e+01
4.200000000000000000e+01 2.281879080852294805e+01
4.300000000000000000e+01 1.710284500001682062e+01
4.400000000000000000e+01 1.853263361749425542e+01
4.500000000000000000e+01 2.002429006768353048e+01
4.600000000000000000e+01 1.718473616415084138e+01
4.700000000000000000e+01 1.733199543798184550e+01
4.900000000000000000e+01 1.475451069456098629e+01
5.000000000000000000e+01 1.422082063674032071e+01
5.100000000000000000e+01 1.380548857852297218e+01
5.200000000000000000e+01 1.828839228911633796e+01
5.300000000000000000e+01 1.832052811850021001e+01
5.400000000000000000e+01 1.648925172572712228e+01
5.500000000000000000e+01 1.720732662523431244e+01
5.600000000000000000e+01 1.767742343899411850e+01
5.700000000000000000e+01 1.855498677370545479e+01
5.800000000000000000e+01 1.630968838761855366e+01
5.900000000000000000e+01 1.685965709923961242e+01
6.000000000000000000e+01 1.271516244401193063e+01
6.100000000000000000e+01 8.231257503039850931e+00
6.200000000000000000e+01 1.469785617953685275e+01
6.300000000000000000e+01 1.579640327809811140e+01
6.400000000000000000e+01 1.282323013446243465e+01
6.500000000000000000e+01 1.433504444716550807e+01
6.600000000000000000e+01 1.686615379156400252e+01
6.700000000000000000e+01 1.532507112292994655e+01
6.800000000000000000e+01 1.653821015400587768e+01
6.900000000000000000e+01 1.821711068267029532e+01
7.000000000000000000e+01 1.117044123380975762e+01
7.200000000000000000e+01 2.132949339339281636e+01
7.300000000000000000e+01 1.649055015461249596e+01
7.400000000000000000e+01 1.908121718741348616e+01
8.700000000000000000e+01 1.417857549441909626e+01
8.800000000000000000e+01 2.286772781007693922e+01
9.600000000000000000e+01 1.415569529129344772e+01
9.700000000000000000e+01 2.245368373535185924e-01
1.000000000000000000e+02 1.812768731457460447e+01
1.010000000000000000e+02 1.751621959143214724e+01
