1.0 3696.0353989510695 25882.0 3696.014584758872 3196.0 3696.015477783881 75731.0 3696.039496810381 8406.0 0.02444572428112224 0.02186805786595869
2.0 3719.531235982412 35947.0 3719.5112833005996 3127.0 3719.5114287566876 75704.0 3719.534157084766 31694.0 0.022113162094228755 0.021332859155791084
3.0 3728.2015026628064 30644.0 3728.181372490702 3050.0 3728.182085178287 75728.0 3728.204543657716 2065.0 0.022602189775625448 0.020629361376904853
4.0 3730.9645301353275 45399.0 3730.9467915742284 3071.0 3730.9468790725314 75584.0 3730.9679983412207 1379.0 0.02025161062465486 0.01936440237568604
5.0 3737.03638891625 22276.0 3737.013612666922 3131.0 3737.0145817937855 75842.0 3737.040872892675 2331.0 0.026703906021339208 0.024122863984302967
6.0 3737.7621199550795 47367.0 3737.7424281679137 3558.0 3737.742466023954 75766.0 3737.7653656208245 2032.0 0.022383455440831312 0.021581723325198254
7.0 3742.295189939614 48951.0 3742.2753553831644 3094.0 3742.275775901034 75794.0 3742.2984541526794 11487.0 0.022555158690920507 0.02090291988406534
8.0 3748.8499048052 30254.0 3748.8296313562023 3424.0 3748.830796383926 75748.0 3748.85492684647 892.0 0.023901715260763012 0.02112166855840769
9.0 3752.4307326523804 28990.0 3752.413288657178 3362.0 3752.41330998966 75506.0 3752.4332694356526 547.0 0.019557135394279612 0.018775240711875085
10.0 3754.739292158086 52177.0 3754.721257323721 3066.0 3754.722098887215 75638.0 3754.742804190044 809.0 0.021176100610318827 0.018817062523794448
11.0 3759.1039889041976 48702.0 3759.084151107002 3051.0 3759.084267808263 75562.0 3759.106701485918 35087.0 0.021992694305026816 0.02121633753176866
12.0 3759.5439199197817 54622.0 3759.5248987368755 3426.0 3759.525172362436 75560.0 3759.546354801477 1672.0 0.020895074955660675 0.019914298844923906
13.0 3765.9250224604125 31673.0 3765.901930933948 3337.0 3765.902068097487 75581.0 3765.9291166595513 24135.0 0.025715384766499483 0.02499600058717988
14.0 3766.6342487514307 31516.0 3766.6111293136773 3361.0 3766.6115459402863 75870.0 3766.638151401843 987.0 0.026549652111043542 0.02514688454584757
15.0 3772.69400276479 52126.0 3772.6736416948524 3274.0 3772.673857414292 75699.0 3772.6983002080046 10250.0 0.023792579567725625 0.022589618732581584
16.0 3783.0520664976093 47877.0 3783.031811464093 3448.0 3783.032255705803 75801.0 3783.0572513450334 10667.0 0.02391278458708257 0.02266840353149746
17.0 3784.9542974631004 23550.0 3784.9304284254595 3344.0 3784.930557875542 75573.0 3784.959282336893 33583.0 0.02730696799562793 0.026633886878244084
18.0 3788.9072591207614 50070.0 3788.887540283502 3128.0 3788.8878100367847 75840.0 3788.9096765634486 217.0 0.021583180821380665 0.020573420737491688
19.0 3797.455042577657 37466.0 3797.4337550459986 3217.0 3797.43411747459 75587.0 3797.4583560636443 30521.0 0.023497198201766878 0.022716385573403386
20.0 3798.7046407897014 46305.0 3798.684307401719 3217.0 3798.6850604340525 75701.0 3798.7086347287063 36654.0 0.023215206722397852 0.0215559389171176
21.0 3799.0063271570984 33928.0 3798.984040299387 3425.0 3798.9850930432526 75572.0 3799.011168948052 6951.0 0.025779794234495057 0.023238629818024492
22.0 3799.6557525808 32831.0 3799.6369494860446 3480.0 3799.63760559288 75484.0 3799.659355494395 13027.0 0.021840474989403447 0.019873778288911126
23.0 3800.1330201824976 59102.0 3800.113846740648 3130.0 3800.1144606518174 75676.0 3800.136526637447 5132.0 0.0221312295284406 0.02034977803214133
24.0 3803.1152930345734 39520.0 3803.0922984719773 3308.0 3803.0927210996315 75597.0 3803.1187009002992 4629.0 0.025942511791981815 0.02433667102104664
25.0 3804.4442663485142 33770.0 3804.4189649100226 3372.0 3804.4190716979915 75626.0 3804.448320819517 36303.0 0.02839505457541236 0.027507411766691803
26.0 3804.900441633629 47327.0 3804.8784618537575 3416.0 3804.8784620911683 75782.0 3804.9050898116884 13566.0 0.02587656821560813 0.024596045079761097
27.0 3810.030403865886 22291.0 3810.007626227808 3185.0 3810.008230848456 75826.0 3810.0342529161635 11371.0 0.025855684473299334 0.02362305605174697
28.0 3812.944958557893 19778.0 3812.9209538307286 3066.0 3812.921154248569 75530.0 3812.94834554541 6512.0 0.02680502387283923 0.025699016232920258
29.0 3814.104687327822 49926.0 3814.0866576067356 3089.0 3814.086772970598 75430.0 3814.107346467483 167.0 0.020190506192193425 0.019218630460272834
30.0 3815.118757137211 27943.0 3815.0978807648744 3277.0 3815.098021570824 75606.0 3815.122288461287 31338.0 0.023865119379479438 0.02268270932700034
31.0 3819.7357874348763 46625.0 3819.7161768825845 3098.0 3819.7163054609664 75661.0 3819.7385016846947 4243.0 0.02172940239597665 0.020786569072697603
32.0 3825.534658856547 17612.0 3825.510690130458 3164.0 3825.510732202073 75671.0 3825.537729385137 2393.0 0.02638227605211796 0.025320014108274336
33.0 3836.541123936473 22024.0 3836.519216794936 3400.0 3836.519364699465 75761.0 3836.5449353911476 30923.0 0.02520334932341939 0.02428618713065589
34.0 3840.320403298989 37176.0 3840.2992170893494 3164.0 3840.299973766235 75786.0 3840.3241778757388 10643.0 0.024459328051761986 0.022396882406155783
35.0 3840.7753449196807 52398.0 3840.7564742366917 3113.0 3840.756741332172 75677.0 3840.7787268670327 11154.0 0.021616050665670627 0.020339420654181595
36.0 3854.983107578927 46515.0 3854.9613490890406 3582.0 3854.9615483649986 75442.0 3854.987304661685 5619.0 0.025303786789663718 0.02396919956390775
37.0 3855.6348611941394 32598.0 3855.611660120418 3205.0 3855.612171402394 75885.0 3855.6386217684567 8350.0 0.026450330370607844 0.024753115866587905
38.0 3859.4846130614287 65732.0 3859.465773386739 3439.0 3859.465879131765 75614.0 3859.4886577959387 1249.0 0.022193666749444674 0.021155006537355803
39.0 3859.9020840717076 21060.0 3859.8768859160455 3141.0 3859.8773568093657 75644.0 3859.906153080119 1798.0 0.028615851252652647 0.026808597509443644
40.0 3863.1269274562655 38540.0 3863.10765986739 3324.0 3863.107831659755 75628.0 3863.129509198666 5147.0 0.021432968887893367 0.0204981724755271
41.0 3865.8060594205467 52226.0 3865.7871918377045 2946.0 3865.7872563905125 75428.0 3865.808983470466 22577.0 0.021096600817145372 0.020400142633206997
42.0 3869.005146956103 39579.0 3868.980513350348 3210.0 3868.980611209343 75708.0 3869.008652447731 5057.0 0.0275538503738062 0.026526577220465697
43.0 3870.4762097041444 35850.0 3870.457262695486 3429.0 3870.4573146756884 75562.0 3870.4799607732884 4980.0 0.02078087455356581 0.019938790511787374
44.0 3870.8962033176213 19964.0 3870.8719143342278 3140.0 3870.872242344014 75698.0 3870.900229248952 30789.0 0.027265870069641096 0.026576943228974415
45.0 3874.8045754641507 45376.0 3874.785620540777 3104.0 3874.786075744046 75707.0 3874.807883239728 7469.0 0.021766206566098845 0.020116891177622165
46.0 3879.779013975719 24390.0 3879.759595860486 3099.0 3879.7598376100987 75847.0 3879.782294990204 14072.0 0.02213850686121077 0.021054139761872648
47.0 3880.659136778319 31718.0 3880.637164957858 3242.0 3880.637459685624 75782.0 3880.662489842123 1856.0 0.024767970458924538 0.02334117753071041
48.0 3884.3662864390863 20763.0 3884.347157163048 3348.0 3884.347677898493 75840.0 3884.5238058847945 7322.0 0.021970897182200133 0.02106177938185283
49.0 3884.680976884052 39377.0 3884.6610648681763 3056.0 3884.661954093386 75609.0 3884.684212596708 1226.0 0.022482389463220898 0.020152766786850407
50.0 3885.7106213515517 20130.0 3885.686909947115 3301.0 3885.6876537921216 75557.0 3885.7148382583273 30439.0 0.02663105550209366 0.02557488504680805
51.0 3887.893462320403 30111.0 3887.867660114308 3393.0 3887.8677830520683 75863.0 3887.897492313346 6794.0 0.029113481373315153 0.028000695773243933
52.0 3889.971690741604 33680.0 3889.950960093804 3134.0 3889.951755982493 75552.0 3889.9756510306534 6046.0 0.02395093799850656 0.021775456585146458
53.0 3893.9760743992565 55654.0 3893.9557034232116 3294.0 3893.95578570598 75909.0 3893.979811703093 1487.0 0.023385185241295403 0.022560621337561315
54.0 3897.3236644474473 24623.0 3897.3001188546828 3263.0 3897.3004716565865 75574.0 3897.3275604860564 26103.0 0.02628705777169671 0.025243437571134564
55.0 3902.681743552737 70179.0 3902.6576522084333 3018.0 3902.6582224106237 75514.0 3902.6860048359363 5319.0 0.027580812672567845 0.025397893747594935
56.0 3905.894803666828 32927.0 3905.879612507122 3450.0 3905.879762887879 75586.0 3905.897632896133 10635.0 0.01749610218894304 0.01659862999986217
57.0 3908.8901587097835 15390.0 3908.8629527158623 3154.0 3908.864377636297 75738.0 3908.8954476565445 35151.0 0.030756166364426463 0.028878193069886038
58.0 3911.31181950681 53280.0 3911.290623186311 3070.0 3911.2911224145937 75936.0 3911.3152768329155 28350.0 0.0234267900946179 0.022581847188121174
59.0 3912.445158355963 46490.0 3912.42436936766 2978.0 3912.424462101015 76009.0 3912.4493829895446 35169.0 0.023852828755480004 0.022811073813954863
60.0 3915.4845893226866 46335.0 3915.4635149875694 3235.0 3915.464225319125 75571.0 3915.488372152806 7151.0 0.02383472335031911 0.02165357760486586
61.0 3916.2691519484697 45197.0 3916.2483843042182 3306.0 3916.248395570488 75697.0 3916.2728894772017 30199.0 0.0235495271781474 0.02267679940769085
62.0 3917.176262223111 33578.0 3917.1551971040362 3201.0 3917.155450869317 75492.0 3917.1799550026303 10316.0 0.023518897692156315 0.022422961009397113
63.0 3932.042883471288 50015.0 3932.022996515924 3558.0 3932.023704816632 75533.0 3932.045599738084 34835.0 0.02133606428424173 0.02053188276295259
64.0 3932.399864949476 25995.0 3932.3769156083326 3196.0 3932.3772165626197 75496.0 3932.4058393322775 9904.0 0.028053660345904063 0.02578341445314436
65.0 3934.6374259608174 31424.0 3934.617143394482 3364.0 3934.6177952215967 75570.0 3934.6403634613134 35152.0 0.022117208303370717 0.021244071685032395
66.0 3936.0656697969443 50138.0 3936.045018091781 3425.0 3936.0452274153918 75777.0 3936.0688634289772 5246.0 0.023279862591152778 0.02224572997965879
67.0 3938.3353749747203 22218.0 3938.311511004197 3109.0 3938.3121742194503 75570.0 3938.3392706994155 5233.0 0.027182093584997347 0.02492972010622907
68.0 3946.899455911232 48871.0 3946.8797711337893 2966.0 3946.880326369377 75946.0 3946.9025351066316 967.0 0.02228941141083851 0.020451849641176523
69.0 3955.1358971544923 23245.0 3955.107377210484 3198.0 3955.10748571849 75725.0 3955.1426523167293 7684.0 0.0340312088628707 0.03138816146656609
70.0 3955.7806712708325 49755.0 3955.7590691279083 3126.0 3955.759389575958 75456.0 3955.784818793959 10224.0 0.025040412386715616 0.023394680169985804
71.0 0.0 0.0 0.0 0.0 0.0 0.0 0.0 0.0 0.0 0.0
72.0 3957.8421770043615 46580.0 3957.8201749307977 3561.0 3957.8203427027593 75968.0 3957.8460029598195 5663.0 0.02508330703176398 0.02392923226216226
73.0 3960.121321349242 18978.0 3960.0999271511173 3252.0 3960.0999956864875 75608.0 3960.1261511356815 12655.0 0.024403505270129244 0.023624842959634407
74.0 3961.6993719658913 29103.0 3961.6806243455817 3440.0 3961.6817670714327 75516.0 3961.7035100825833 1885.0 0.02201778319931691 0.019384079800147447
75.0 0.0 0.0 0.0 0.0 0.0 0.0 0.0 0.0 0.0 0.0
76.0 0.0 0.0 0.0 0.0 0.0 0.0 0.0 0.0 0.0 0.0
77.0 0.0 0.0 0.0 0.0 0.0 0.0 0.0 0.0 0.0 0.0
78.0 0.0 0.0 0.0 0.0 0.0 0.0 0.0 0.0 0.0 0.0
79.0 0.0 0.0 0.0 0.0 0.0 0.0 0.0 0.0 0.0 0.0
80.0 0.0 0.0 0.0 0.0 0.0 0.0 0.0 0.0 0.0 0.0
81.0 0.0 0.0 0.0 0.0 0.0 0.0 0.0 0.0 0.0 0.0
82.0 0.0 0.0 0.0 0.0 0.0 0.0 0.0 0.0 0.0 0.0
83.0 0.0 0.0 0.0 0.0 0.0 0.0 0.0 0.0 0.0 0.0
84.0 0.0 0.0 0.0 0.0 0.0 0.0 0.0 0.0 0.0 0.0
85.0 0.0 0.0 0.0 0.0 0.0 0.0 0.0 0.0 0.0 0.0
86.0 0.0 0.0 0.0 0.0 0.0 0.0 0.0 0.0 0.0 0.0
87.0 4001.8983128472937 16872.0 4001.8776493031573 3462.0 4001.8817537230884 75534.0 4001.9038929908033 29303.0 0.02158222674006538 0.020625604129236308
88.0 4002.88318635196 47616.0 4002.8581883324077 3108.0 4002.859517918807 75429.0 4002.88661069193 32380.0 0.026153783855079382 0.025392681453467958
89.0 0.0 0.0 0.0 0.0 0.0 0.0 0.0 0.0 0.0 0.0
90.0 0.0 0.0 0.0 0.0 0.0 0.0 0.0 0.0 0.0 0.0
91.0 0.0 0.0 0.0 0.0 0.0 0.0 0.0 0.0 0.0 0.0
92.0 0.0 0.0 0.0 0.0 0.0 0.0 0.0 0.0 0.0 0.0
93.0 0.0 0.0 0.0 0.0 0.0 0.0 0.0 0.0 0.0 0.0
94.0 0.0 0.0 0.0 0.0 0.0 0.0 0.0 0.0 0.0 0.0
95.0 0.0 0.0 0.0 0.0 0.0 0.0 0.0 0.0 0.0 0.0
96.0 4028.732969254335 21260.0 4028.7079959207003 3165.0 4028.713316848959 75584.0 4028.7416110655586 4480.0 0.03236881176690076 0.020957131136128737
97.0 4032.006588261961 22414.0 4031.980647273581 3058.0 4031.983521522075 75874.0 4032.0148262406624 6627.0 0.032095433777612925 0.026604371194480336
98.0 0.0 0.0 0.0 0.0 0.0 0.0 0.0 0.0 0.0 0.0
99.0 0.0 0.0 0.0 0.0 0.0 0.0 0.0 0.0 0.0 0.0
100.0 4038.7105001060036 10675.0 4038.6879338681347 3490.0 4038.6910015817384 75979.0 4038.716038557378 34058.0 0.023744615847590467 0.023279213653040642
101.0 4048.075829374373 21124.0 4048.051182576948 3420.0 4048.055683531607 75763.0 4048.0824402909284 33037.0 0.02570705106927562 0.024905693271648488
