1.000000000000000000e+00 -2.637223429405839616e-03
2.000000000000000000e+00 -2.168447162122183296e-03
3.000000000000000000e+00 -1.861649284118598383e-03
4.000000000000000000e+00 -1.943000744617575347e-03
5.000000000000000000e+00 -2.953111367639459691e-03
6.000000000000000000e+00 -2.337302253492892345e-03
7.000000000000000000e+00 -1.962362923704351336e-03
8.000000000000000000e+00 -2.688978288867369983e-03
9.000000000000000000e+00 -1.928780316336042595e-03
1.000000000000000000e+01 -1.890838892922012309e-03
1.100000000000000000e+01 -1.852383767727215549e-03
1.200000000000000000e+01 -1.409528263029293177e-03
1.300000000000000000e+01 -2.738784925940422610e-03
1.400000000000000000e+01 -3.177559921252057652e-03
1.500000000000000000e+01 -2.801977374806873672e-03
1.600000000000000000e+01 -2.200675510040085280e-03
1.700000000000000000e+01 -3.482883054499626586e-03
1.800000000000000000e+01 -1.575528942339587957e-03
1.900000000000000000e+01 -2.410256005982204259e-03
2.000000000000000000e+01 -2.307454455357547257e-03
2.100000000000000000e+01 -2.605504106571821486e-03
2.200000000000000000e+01 -2.331985766597507656e-03
2.300000000000000000e+01 -1.885103425817112209e-03
2.400000000000000000e+01 -2.300038322915072628e-03
2.500000000000000000e+01 -3.123519820380317013e-03
2.600000000000000000e+01 -3.090411370600396231e-03
2.700000000000000000e+01 -2.510521225607556441e-03
2.800000000000000000e+01 -2.503092192684048568e-03
2.900000000000000000e+01 -1.631295774521100304e-03
3.000000000000000000e+01 -2.671425929053927381e-03
3.100000000000000000e+01 -1.780642541489515585e-03
3.200000000000000000e+01 -2.148705182486426030e-03
3.300000000000000000e+01 -3.201737941547628565e-03
3.400000000000000000e+01 -2.585864015407639792e-03
3.500000000000000000e+01 -1.994720141040164096e-03
3.600000000000000000e+01 -2.887294287523772904e-03
3.700000000000000000e+01 -2.865878837489896098e-03
3.800000000000000000e+01 -2.528797563935925898e-03
3.900000000000000000e+01 -2.985350852476051885e-03
4.000000000000000000e+01 -1.886041498297542311e-03
4.100000000000000000e+01 -1.972493584407361989e-03
4.200000000000000000e+01 -2.689914415515390605e-03
4.300000000000000000e+01 -1.607999222582272639e-03
4.400000000000000000e+01 -2.685890350526143507e-03
4.500000000000000000e+01 -1.940388216327907115e-03
4.600000000000000000e+01 -2.426350971085236823e-03
4.700000000000000000e+01 -2.479628061903176375e-03
4.900000000000000000e+01 -1.640206925458187470e-03
5.000000000000000000e+01 -2.585216318288869643e-03
5.100000000000000000e+01 -3.318004847882314104e-03
5.200000000000000000e+01 -2.536721525455540218e-03
5.300000000000000000e+01 -2.485344128792933791e-03
5.400000000000000000e+01 -2.783858606013038962e-03
5.500000000000000000e+01 -2.481761294710611680e-03
5.600000000000000000e+01 -2.024735963919684252e-03
5.700000000000000000e+01 -3.292174707868675710e-03
5.800000000000000000e+01 -2.205690910131253082e-03
5.900000000000000000e+01 -2.398001702121607681e-03
6.000000000000000000e+01 -1.570474235668355579e-03
6.100000000000000000e+01 -2.206263403997181169e-03
6.200000000000000000e+01 -2.240033973954588201e-03
6.300000000000000000e+01 -1.662750250031118805e-03
6.400000000000000000e+01 -3.660433769992505783e-03
6.500000000000000000e+01 -2.284474240597052144e-03
6.600000000000000000e+01 -2.180160372265923813e-03
6.700000000000000000e+01 -2.513895694497675446e-03
6.800000000000000000e+01 -1.615741120724868869e-03
6.900000000000000000e+01 -3.851608107278734795e-03
7.000000000000000000e+01 -2.529289096545934111e-03
7.200000000000000000e+01 -2.442883387079648576e-03
7.300000000000000000e+01 -2.838003206830306754e-03
7.400000000000000000e+01 -2.366684447891055816e-03
8.700000000000000000e+01 -2.127784177508969081e-03
8.800000000000000000e+01 -2.216226614238759642e-03
9.600000000000000000e+01 -2.587249544051322021e-03
9.700000000000000000e+01 -3.227284938677540179e-03
1.000000000000000000e+02 -2.865628043205689732e-03
1.010000000000000000e+02 -3.006165523999489945e-03
