1.000000000000000000e+00 -1.683263669519874384e-02 -7.162695797276796839e-03
2.000000000000000000e+00 -1.207270670539628554e-02 3.366933157046503311e-03
3.000000000000000000e+00 -2.441718500682554804e-02 2.145427987429116001e-03
4.000000000000000000e+00 1.131781772130580066e-02 3.608304138637663527e-03
5.000000000000000000e+00 -9.531547094979941903e-03 -1.533417960172300809e-02
6.000000000000000000e+00 -1.458708657588658753e-02 1.024844525931456474e-02
8.000000000000000000e+00 2.545917507063677476e-03 -1.219266950300124108e-02
9.000000000000000000e+00 -1.868779469447190422e-02 -2.657627369231363446e-03
1.000000000000000000e+01 5.252176472936298524e-03 1.584059256919800873e-02
1.100000000000000000e+01 1.295318910189280359e-02 6.471161358696519983e-03
1.200000000000000000e+01 1.645238373015445177e-02 1.063378990509988853e-02
1.300000000000000000e+01 8.195006900621137902e-03 -1.354420612585371941e-02
1.400000000000000000e+01 -2.626302237501931813e-03 -8.272143971684187136e-03
1.500000000000000000e+01 1.543874061667338538e-03 1.682870032209393685e-02
1.600000000000000000e+01 2.180484725454334693e-02 -1.411397592320895455e-03
1.700000000000000000e+01 -1.622848317231273541e-02 -1.180001906311289872e-02
1.800000000000000000e+01 1.699346365660403535e-02 5.765588910829677616e-03
1.900000000000000000e+01 -1.296533049395520720e-02 7.254271801247824669e-03
2.000000000000000000e+01 1.720576007875251889e-02 -9.099662514806539093e-04
2.100000000000000000e+01 6.286718594083140488e-03 -9.601123888050011601e-03
2.200000000000000000e+01 -1.506095902539072995e-02 -1.570732518629824881e-05
2.300000000000000000e+01 1.128113507417083383e-02 2.029087946518615126e-02
2.400000000000000000e+01 5.162896073784395412e-03 -8.213026394443545541e-04
2.500000000000000000e+01 -4.516616124931260856e-03 -4.175938643566468045e-03
2.600000000000000000e+01 -1.518595792390442512e-02 1.669440256715759574e-02
2.700000000000000000e+01 -7.720110229456622619e-03 -1.885715568100465589e-02
2.800000000000000000e+01 -2.520916336834488902e-02 -1.126545516079247022e-02
2.900000000000000000e+01 8.104009847670567979e-03 1.012503585795343497e-02
3.000000000000000000e+01 4.068341072525072377e-04 -1.601527715737915969e-02
3.100000000000000000e+01 -8.390442828101640771e-03 7.301329989925164909e-03
3.200000000000000000e+01 -1.740042191715929221e-02 -1.812060717177743641e-02
3.300000000000000000e+01 -2.689838970081837033e-02 -7.228358289179226404e-03
3.400000000000000000e+01 5.319240272967817873e-03 -5.560589506682589445e-03
3.500000000000000000e+01 2.003096908833867928e-02 6.703269162734670772e-03
3.600000000000000000e+01 -1.355856198870242224e-05 6.046836417787915252e-03
3.700000000000000000e+01 1.187313792001987167e-03 -8.719859377833927283e-03
3.800000000000000000e+01 -8.395358562779620115e-03 1.319264032316169732e-02
3.900000000000000000e+01 -4.245392513212209451e-03 -1.941068454796379683e-02
4.000000000000000000e+01 9.402363984349904058e-03 -4.978257456585311047e-03
4.100000000000000000e+01 8.073119833852615557e-03 1.301373239282455074e-02
4.200000000000000000e+01 -2.512138053134549409e-09 4.479431936488253996e-09
4.400000000000000000e+01 -1.339750882169710167e-02 -1.939788909447415222e-02
4.500000000000000000e+01 9.246951482055010274e-03 3.921686758538101003e-03
4.600000000000000000e+01 -2.178567045370982669e-02 -7.081995675520147415e-03
4.700000000000000000e+01 1.158622610256543339e-02 -1.407731816156854165e-02
4.800000000000000000e+01 -1.129449115342140431e-02 1.470918425292921938e-02
4.900000000000000000e+01 1.398760453315617269e-02 -6.362491620162558092e-03
5.000000000000000000e+01 -9.523011835881334264e-04 -2.421852910476829379e-02
5.100000000000000000e+01 1.229297147420993497e-02 -1.799169774636411034e-02
5.200000000000000000e+01 -1.099285347385148270e-02 2.264766577120269631e-04
5.300000000000000000e+01 1.488926892574227168e-02 1.499267601919385129e-02
5.400000000000000000e+01 -5.767703779838484479e-03 -1.635846507971550068e-02
5.500000000000000000e+01 -1.836246550396936073e-03 2.966911127501248302e-03
5.600000000000000000e+01 -2.135044054750778741e-02 4.319057156894956506e-03
5.700000000000000000e+01 -1.089740031397923303e-02 -2.245101737828747446e-02
5.800000000000000000e+01 1.624958797083309037e-02 8.331761910717716546e-03
5.900000000000000000e+01 6.150517945627598237e-03 8.549324307221439767e-03
6.000000000000000000e+01 1.656264441095345319e-02 2.038790278643176634e-03
6.100000000000000000e+01 -5.583499824695081770e-03 8.839369430106103209e-03
6.200000000000000000e+01 -1.659086869130987907e-02 4.150633552903570944e-03
6.300000000000000000e+01 1.407139622574504756e-02 9.021917698035508693e-03
6.400000000000000000e+01 -2.340182413604452449e-02 -2.957054386584445638e-03
6.500000000000000000e+01 -9.479939042591922771e-03 -3.960465619361031031e-03
6.600000000000000000e+01 2.243910440620311419e-02 4.823733351599912567e-03
6.700000000000000000e+01 -1.421841659407618863e-02 -1.442304650242220987e-02
6.800000000000000000e+01 2.701100439139736409e-04 1.214025704327070798e-02
6.900000000000000000e+01 4.306241727363158134e-03 -2.206888136254292476e-02
7.000000000000000000e+01 -4.332342992483972921e-03 1.748607613232167068e-02
7.200000000000000000e+01 -2.311244025520409195e-03 9.375535295802706059e-03
7.300000000000000000e+01 -2.340837083028191046e-02 -1.459650958578251334e-02
7.400000000000000000e+01 -1.296327534430474770e-02 -7.402555130781252046e-03
7.900000000000000000e+01 7.686130938509450061e-03 -1.247869667597711896e-03
8.100000000000000000e+01 -6.080764447915498749e-04 1.484693362370492764e-02
8.700000000000000000e+01 1.099840433829513131e-02 1.207540935855533348e-02
8.800000000000000000e+01 3.519104384736237989e-03 6.060199684327471914e-03
9.400000000000000000e+01 -1.383159164794278695e-02 -3.574284524376025729e-03
9.700000000000000000e+01 1.077278080856558518e-03 -2.070436734094371900e-02
1.000000000000000000e+02 4.382233530463963689e-03 2.064915981905102171e-02
1.010000000000000000e+02 -7.009526244075914292e-03 -1.143218238280496735e-02
